10 
3.200000
0.058407
0.00003981590270996
2.79999999999999982
0.34159265358979329
0.00033402442932129
10 
2.400000
0.741593
0.00003409385681152
2.79999999999999982
0.34159265358979329
0.00030493736267090
10 
3.200000
0.058407
0.00004291534423828
2.39999999999999991
0.74159265358979320
0.00489401817321777
10 
4.000000
0.858407
0.00003314018249512
2.00000000000000000
1.14159265358979312
0.00399804115295410
10 
3.600000
0.458407
0.00003695487976074
2.39999999999999991
0.74159265358979320
0.00044608116149902
10 
2.800000
0.341593
0.00006079673767090
2.39999999999999991
0.74159265358979320
0.00360894203186035
10 
3.600000
0.458407
0.00005578994750977
2.00000000000000000
1.14159265358979312
0.00042390823364258
10 
2.400000
0.741593
0.00005197525024414
2.00000000000000000
1.14159265358979312
0.00263595581054688
10 
3.200000
0.058407
0.00003886222839355
2.00000000000000000
1.14159265358979312
0.00040316581726074
10 
3.200000
0.058407
0.00004410743713379
2.39999999999999991
0.74159265358979320
0.00041103363037109
10 
3.200000
0.058407
0.00003981590270996
2.39999999999999991
0.74159265358979320
0.00040602684020996
10 
3.600000
0.458407
0.00003409385681152
2.39999999999999991
0.74159265358979320
0.00453615188598633
10 
2.800000
0.341593
0.00003981590270996
2.79999999999999982
0.34159265358979329
0.00167393684387207
10 
3.600000
0.458407
0.00005388259887695
3.20000000000000018
0.05840734641020706
0.00040578842163086
10 
2.800000
0.341593
0.00003409385681152
3.20000000000000018
0.05840734641020706
0.00431585311889648
10 
3.600000
0.458407
0.00003504753112793
3.20000000000000018
0.05840734641020706
0.00318002700805664
100 
3.120000
0.021593
0.00004696846008301
3.08000000000000007
0.06159265358979304
0.00432205200195312
100 
3.080000
0.061593
0.00003504753112793
3.12000000000000011
0.02159265358979301
0.00118398666381836
100 
3.240000
0.098407
0.00004601478576660
3.08000000000000007
0.06159265358979304
0.00039911270141602
100 
3.200000
0.058407
0.00004506111145020
3.12000000000000011
0.02159265358979301
0.00033497810363770
100 
3.000000
0.141593
0.00004005432128906
3.08000000000000007
0.06159265358979304
0.00540685653686523
100 
3.400000
0.258407
0.00003504753112793
3.08000000000000007
0.06159265358979304
0.00041007995605469
100 
2.960000
0.181593
0.00004482269287109
3.04000000000000004
0.10159265358979308
0.00076317787170410
100 
3.080000
0.061593
0.00005197525024414
2.95999999999999996
0.18159265358979315
0.00045800209045410
100 
3.080000
0.061593
0.00005817413330078
2.95999999999999996
0.18159265358979315
0.00267100334167480
100 
2.960000
0.181593
0.00003886222839355
2.95999999999999996
0.18159265358979315
0.00032997131347656
100 
3.200000
0.058407
0.00003600120544434
3.08000000000000007
0.06159265358979304
0.00034904479980469
100 
3.200000
0.058407
0.00005388259887695
3.08000000000000007
0.06159265358979304
0.00047397613525391
100 
3.440000
0.298407
0.00005698204040527
3.08000000000000007
0.06159265358979304
0.00575304031372070
100 
3.280000
0.138407
0.00003719329833984
3.08000000000000007
0.06159265358979304
0.00037407875061035
100 
3.080000
0.061593
0.00006794929504395
3.04000000000000004
0.10159265358979308
0.00455689430236816
100 
3.240000
0.098407
0.00004601478576660
3.00000000000000000
0.14159265358979312
0.00041413307189941
1000 
3.132000
0.009593
0.00008296966552734
3.17200000000000015
0.03040734641020704
0.00343513488769531
1000 
3.096000
0.045593
0.00005602836608887
3.18000000000000016
0.03840734641020704
0.00042295455932617
1000 
3.160000
0.018407
0.00008392333984375
3.14800000000000013
0.00640734641020702
0.00571990013122559
1000 
3.168000
0.026407
0.00005507469177246
3.15600000000000014
0.01440734641020702
0.00563502311706543
1000 
3.128000
0.013593
0.00008296966552734
3.13200000000000012
0.00959265358979300
0.00032806396484375
1000 
3.068000
0.073593
0.00008201599121094
3.11200000000000010
0.02959265358979302
0.00030493736267090
1000 
3.092000
0.049593
0.00005507469177246
3.10000000000000009
0.04159265358979303
0.00035595893859863
1000 
3.180000
0.038407
0.00008487701416016
3.08000000000000007
0.06159265358979304
0.00034499168395996
1000 
3.000000
0.141593
0.00006198883056641
3.08400000000000007
0.05759265358979304
0.00039386749267578
1000 
3.044000
0.097593
0.00008392333984375
3.11600000000000010
0.02559265358979301
0.00030779838562012
1000 
3.196000
0.054407
0.00005507469177246
3.12400000000000011
0.01759265358979301
0.00041508674621582
1000 
3.200000
0.058407
0.00009107589721680
3.13600000000000012
0.00559265358979300
0.00034499168395996
1000 
3.212000
0.070407
0.00005793571472168
3.12400000000000011
0.01759265358979301
0.00034308433532715
1000 
3.136000
0.005593
0.00008893013000488
3.12000000000000011
0.02159265358979301
0.00032591819763184
1000 
3.144000
0.002407
0.00009012222290039
3.12400000000000011
0.01759265358979301
0.00102782249450684
1000 
3.176000
0.034407
0.00008201599121094
3.11200000000000010
0.02959265358979302
0.00514507293701172
10000 
3.171200
0.029607
0.00028109550476074
3.13039999999999985
0.01119265358979327
0.00037503242492676
10000 
3.157600
0.016007
0.00029706954956055
3.13200000000000012
0.00959265358979300
0.00389003753662109
10000 
3.152400
0.010807
0.00025200843811035
3.12279999999999980
0.01879265358979332
0.00043296813964844
10000 
3.135200
0.006393
0.00033617019653320
3.12320000000000020
0.01839265358979292
0.00541400909423828
10000 
3.174800
0.033207
0.00025200843811035
3.12199999999999989
0.01959265358979323
0.00045990943908691
10000 
3.124400
0.017193
0.00033497810363770
3.11719999999999997
0.02439265358979315
0.00038695335388184
10000 
3.148400
0.006807
0.00037407875061035
3.12000000000000011
0.02159265358979301
0.00039577484130859
10000 
3.137600
0.003993
0.00042605400085449
3.13879999999999981
0.00279265358979330
0.00042414665222168
10000 
3.126000
0.015593
0.00033020973205566
3.15560000000000018
0.01400734641020707
0.00045919418334961
10000 
3.148000
0.006407
0.00025200843811035
3.14679999999999982
0.00520734641020670
0.00033402442932129
10000 
3.139600
0.001993
0.00038599967956543
3.14999999999999991
0.00840734641020680
0.00041389465332031
10000 
3.102800
0.038793
0.00026011466979980
3.14559999999999995
0.00400734641020684
0.00038599967956543
10000 
3.128400
0.013193
0.00030207633972168
3.14639999999999986
0.00480734641020675
0.00038504600524902
10000 
3.159600
0.018007
0.00026512145996094
3.15119999999999978
0.00960734641020666
0.00160312652587891
10000 
3.122000
0.019593
0.00043702125549316
3.14880000000000004
0.00720734641020693
0.00041699409484863
10000 
3.165600
0.024007
0.00031495094299316
3.14360000000000017
0.00200734641020706
0.00036096572875977
100000 
3.141520
0.000073
0.00231218338012695
3.13484000000000007
0.00675265358979305
0.00058507919311523
100000 
3.133840
0.007753
0.00372815132141113
3.13756000000000013
0.00403265358979299
0.00136399269104004
100000 
3.140400
0.001193
0.00280380249023438
3.13811999999999980
0.00347265358979332
0.00058507919311523
100000 
3.139240
0.002353
0.00275397300720215
3.13580000000000014
0.00579265358979297
0.00046396255493164
100000 
3.150480
0.008887
0.00253105163574219
3.13487999999999989
0.00671265358979323
0.00061607360839844
100000 
3.145320
0.003727
0.00330018997192383
3.13416000000000006
0.00743265358979306
0.00531101226806641
100000 
3.137480
0.004113
0.00241112709045410
3.13319999999999999
0.00839265358979313
0.00053691864013672
100000 
3.138600
0.002993
0.00280714035034180
3.13575999999999988
0.00583265358979324
0.00376105308532715
100000 
3.142400
0.000807
0.00281214714050293
3.13635999999999981
0.00523265358979330
0.00051403045654297
100000 
3.141480
0.000113
0.00223588943481445
3.13628000000000018
0.00531265358979294
0.00598907470703125
100000 
3.140840
0.000753
0.00350117683410645
3.13927999999999985
0.00231265358979327
0.00060510635375977
100000 
3.139680
0.001913
0.00372695922851562
3.13719999999999999
0.00439265358979313
0.00061202049255371
100000 
3.145600
0.004007
0.00224590301513672
3.13736000000000015
0.00423265358979297
0.00054287910461426
100000 
3.136960
0.004633
0.00263309478759766
3.13436000000000003
0.00723265358979308
0.00057697296142578
100000 
3.139400
0.002193
0.00373005867004395
3.13495999999999997
0.00663265358979315
0.00053596496582031
100000 
3.148280
0.006687
0.00389289855957031
3.13635999999999981
0.00523265358979330
0.00386595726013184
1000000 
3.141664
0.000071
0.02472496032714844
3.13951599999999997
0.00207665358979314
0.00362300872802734
1000000 
3.143824
0.002231
0.02510690689086914
3.14048399999999983
0.00110865358979328
0.00233697891235352
1000000 
3.140476
0.001117
0.02293395996093750
3.14037599999999983
0.00121665358979328
0.00409889221191406
1000000 
3.143172
0.001579
0.02257180213928223
3.13989200000000013
0.00170065358979299
0.00208115577697754
1000000 
3.141456
0.000137
0.02605795860290527
3.14103200000000005
0.00056065358979307
0.00249600410461426
1000000 
3.142644
0.001051
0.02801299095153809
3.14052400000000009
0.00106865358979302
0.00213503837585449
1000000 
3.139264
0.002329
0.02421712875366211
3.14151600000000020
0.00007665358979292
0.00254607200622559
1000000 
3.144136
0.002543
0.02556419372558594
3.14197199999999999
0.00037934641020687
0.00430798530578613
1000000 
3.139900
0.001693
0.02568101882934570
3.14296400000000009
0.00137134641020698
0.00253009796142578
1000000 
3.143280
0.001687
0.02594280242919922
3.14275200000000021
0.00115934641020710
0.00230216979980469
1000000 
3.143432
0.001839
0.02495694160461426
3.14237600000000006
0.00078334641020694
0.00247097015380859
1000000 
3.142056
0.000463
0.02530813217163086
3.14227200000000018
0.00067934641020706
0.00251793861389160
1000000 
3.142256
0.000663
0.02555108070373535
3.14234400000000003
0.00075134641020691
0.00227904319763184
1000000 
3.139176
0.002417
0.02374505996704102
3.14146400000000003
0.00012865358979308
0.00221514701843262
1000000 
3.141500
0.000093
0.02580714225769043
3.14200400000000002
0.00041134641020690
0.00199103355407715
1000000 
3.142624
0.001031
0.02500200271606445
3.14278799999999991
0.00119534641020680
0.00259089469909668
